0 50
1 50
2 50
3 50
4 50
5 50
6 50
7 50
8 50
9 50
10 50
11 50
12 50
13 50
14 50
15 50
16 50
17 50
18 50
19 50
20 50
21 50
22 50
23 50
24 50
25 50
26 50
27 50
28 50
29 50
30 50
31 50
32 50
33 50
34 50
35 50
36 50
37 50
38 50
39 50
40 50
41 50
42 50
43 50
44 49
45 49
46 47
47 45
48 42
49 40
50 40
51 40
52 40
53 39
54 37
55 36
56 33
57 31
58 29
59 27
60 25
61 23
62 22
63 20
64 20
65 19
66 18
67 18
68 18
69 16
70 16
71 14
72 14
73 14
74 12
75 12
76 11
77 10
78 9
79 9
80 7
81 6
82 6
83 6
84 6
85 6
86 6
87 6
88 6
89 6
90 6
91 5
92 5
93 5
94 5
95 5
96 5
97 4
98 4
99 4
100 4
