0 50
1 50
2 50
3 50
4 50
5 50
6 50
7 50
8 50
9 50
10 50
11 50
12 50
13 50
14 50
15 50
16 50
17 50
18 50
19 50
20 50
21 50
22 50
23 50
24 50
25 50
26 50
27 50
28 50
29 50
30 50
31 50
32 50
33 50
34 50
35 50
36 50
37 50
38 50
39 50
40 50
41 50
42 50
43 50
44 50
45 50
46 50
47 50
48 50
49 50
50 50
51 49
52 49
53 46
54 46
55 45
56 44
57 42
58 41
59 40
60 40
61 39
62 35
63 35
64 33
65 31
66 28
67 25
68 25
69 24
70 24
71 24
72 23
73 21
74 19
75 18
76 15
77 15
78 15
79 15
80 15
81 14
82 14
83 14
84 13
85 13
86 12
87 12
88 12
89 12
90 12
91 12
92 12
93 12
94 12
95 11
96 11
97 11
98 9
99 8
100 8
